100 epocas (con conv) - EI
[[ 93.  96. 287. 911. 165. 669.]] 0.9
[[ 63.  24. 331. 580. 754. 909.]] 0.884


40 epocas (con conv) - EI
[[ 13.  21. 313. 116. 983. 804.]] 0.872
[[ 59.  50. 763. 377. 143. 475.]] 0.87799996
[[ 44.  88. 788. 980. 339. 694.]] 0.88
[[ 15.  17. 650. 736. 849. 825.]] 0.846
[[ 18.  13. 573. 167. 250. 711.]] 0.866
[[ 81  35 690 451 875 178]] 0.87600005
[[ 84  67 588 321 673 332]] 0.884
[[ 81  75 992 682 266 705]] 0.888
[[  30   32  341  850 1002  309]] 0.878
[[ 29  65 423 250 779 608]] 0.888
[[ 60  48 991 524 665 669]] 0.86


Segunda tanda
[[ 42.  48. 839. 169. 123. 315.]] 0.884
[[ 77.  53. 949. 947. 107. 510.]] 0.88
[[ 19.  14. 941. 302. 600. 211.]] 0.852
[[ 57.  87. 591. 585. 251. 563.]] 0.88600004



40ep - conv - EI
[[ 86.  38. 590. 872. 866. 726.]] 0.88
[[ 64.  52. 500. 571. 686. 531.]] 0.89599997
[[ 11.  85. 477. 654. 852. 969.]] 0.87399995
[[ 75.  15. 868. 439. 762. 900.]] 0.854
[[  54.   42.  989. 1003.  499.  467.]] 0.88600004
[[ 72  36 431 751 838 825]] 0.862
[[ 11  87 866 556 685 981]] 0.874
[[ 72  71 291 999 437 287]] 0.88600004
[[ 91  97 962 319 612 277]] 0.884
[[  32   28  437  591 1005  798]] 0.878
[[ 83  97 302 888 663 490]] 0.89
[[ 71  78 941 884 662 199]] 0.88
[[ 54  28 675 690 881 298]] 0.89
[[  66   81  278  528  136 1011]] 0.892
[[ 14  52 670 562 325 672]] 0.876
[[ 69  44 224 373 928 108]] 0.87200004
[[ 91  52 736 409 636 240]] 0.87600005
[[ 10  72 174 742 112 477]] 0.85999995
[[ 90  80 351 136 427 210]] 0.88
[[ 88  82 774 850 858 112]] 0.884
[[ 50  59 144 236 945 381]] 0.894
[[ 41  44 839 713 234 338]] 0.872
[[ 18  72 192 914 813 273]] 0.884
[[ 46  17 546 423 229 582]] 0.88199997
[[ 64  89 530 935 117 743]] 0.888

40ep - conv - MPI
[[ 28.  70. 502. 346. 578. 866.]] 0.882
[[ 64.  23. 924. 494. 158. 163.]] 0.886
[[ 68.  32. 152. 303. 680. 994.]] 0.89399993
[[ 69.  19. 364. 103. 100. 566.]] 0.852
[[ 85.  61. 618. 216. 663. 417.]] 0.872
[[ 68  94 672 693 715 982]] 0.882
[[ 24  43 396 785 120 613]] 0.858
[[ 94  71 490 655 374 437]] 0.878
[[ 14  52 686 891 772 232]] 0.87600005
[[ 42  41 857 205 527 445]] 0.896
[[ 84  40 474 733 587 310]] 0.88600004
[[ 47  81 251 851 676 670]] 0.876
[[ 22  99 126 460 403 292]] 0.894
[[ 20  63 495 295 293 583]] 0.87799996
[[ 54  50 491 887 878 911]] 0.888
[[ 80  53 742 305 197 408]] 0.892
[[  99   81  455  296 1005  397]] 0.878
[[ 31  20 434 953 580 842]] 0.878
[[ 42  92 362 782 530 861]] 0.88199997
[[ 87  29 920 656 998 443]] 0.876
[[ 76  26 544 678 788 493]] 0.888
